avg_velocity,density
0.8901827270182664,0.04
0.8357741116436557,0.05
0.6800849951686625,0.1
0.789584615139981,0.08
0.6367565022257001,0.12
0.5080299139077273,0.15
0.8448418244323793,0.03
0.390916923142584,0.2
0.44582258076633197,0.16
1.1539992299513433,0.01
0.2042792510725387,0.25
0.1285577621375341,0.3
0.21193849212020743,0.24
0.7758883001994105,0.07
1.0966156300995291,0.02
0.954914408462345,0.06
0.8087592893213987,0.09
0.5305572335878945,0.13
0.4397767571717421,0.17
0.6947045777543933,0.11
0.436224018770378,0.14
0.35422323173797543,0.18
0.3965161907580165,0.19
0.3159715463056662,0.21
0.2059284670190464,0.23
0.12405455795985139,0.27
0.027376055996603452,0.33
0.22344956537321947,0.22
0.14593721514126973,0.26
0.006712182597560587,0.37
0.10113153266887577,0.28
0.054919074534138974,0.32
0.01741294959106058,0.34
0.030557379034879213,0.36
0.08285515227056883,0.29
0.08109142820046608,0.31