avg_velocity,density
0.7006350931690661,0.05
0.816231186649635,0.04
0.5693087806307492,0.1
0.31664537847683755,0.15
0.7106725930409429,0.08
0.2143275764445645,0.2
0.4358972887433608,0.12
0.04772825155016588,0.3
0.27842587366493193,0.16
1.102642711134816,0.01
0.8948145309690028,0.03
0.7147112873728021,0.07
0.7575603091340755,0.06
0.5135243699140316,0.09
0.12679360119443817,0.25
0.14739027754201256,0.24
0.06563135481385453,0.28
0.43456020614374724,0.11
0.35664226702275603,0.13
1.0918966948786781,0.02
0.2565477651364036,0.17
0.34321598020165595,0.14
0.17208695938161353,0.23
0.10494163753451233,0.27
0.27032102755698273,0.18
0.19585615097051365,0.22
0.2912422459290359,0.19
0.1300407756333433,0.26
0.22174848426846017,0.21
0.017699155350349854,0.33
0.09259176428587321,0.29
0.002218224531589569,0.32
0.05650034532835098,0.36
0.00266497658697002,0.35